{
 "cells": [
  {
   "metadata": {},
   "cell_type": "markdown",
   "source": [
    "# Integrating Embeddings with Queries in an Information Retrieval System\n",
    "\n",
    "## Objective\n",
    "\n",
    "In this exercise, we will learn how to integrate embeddings with a query to enhance an Information Retrieval (IR) system. We will use both static and contextual embeddings to generate representations of queries and documents, compute their similarities, and rank the documents based on relevance to the query.\n",
    "\n",
    "---\n",
    "\n",
    "## Stages Covered\n",
    "\n",
    "1. **Introduction to Pre-trained Transformer Models**\n",
    "   - Load and use BERT for contextual embeddings.\n",
    "   - Load and use Word2Vec for static embeddings.\n",
    "\n",
    "2. **Generating Text Embeddings**\n",
    "   - Generate embeddings for queries and documents using BERT.\n",
    "   - Generate embeddings for queries and documents using Word2Vec.\n",
    "\n",
    "3. **Computing Similarity Between Embeddings**\n",
    "   - Compute cosine similarity between query and document embeddings.\n",
    "   - Rank documents based on similarity scores.\n",
    "\n",
    "4. **Integrating Embeddings with Queries**\n",
    "   - Practical implementation of embedding-based retrieval for a given text corpus.\n",
    "\n",
    "---\n",
    "\n",
    "## Prerequisites\n",
    "\n",
    "- TensorFlow\n",
    "- Hugging Face's Transformers library\n",
    "- Gensim library\n",
    "- Scikit-learn library\n",
    "- A text corpus in the `../data` folder\n",
    "\n",
    "---\n",
    "\n",
    "## Exercise\n",
    "\n",
    "Follow the steps below to integrate embeddings with a query and enhance your IR system.\n",
    "\n"
   ],
   "id": "ab838f6833b5dfdb"
  },
  {
   "metadata": {},
   "cell_type": "markdown",
   "source": [
    "Step 0: Verify requirements:\n",
    "\n",
    "* tensorflow\n",
    "* transformers\n",
    "* scikit-learn\n",
    "* matplotlib\n",
    "* seaborn"
   ],
   "id": "e96332a5cf057238"
  },
  {
   "metadata": {},
   "cell_type": "markdown",
   "source": [
    "Step 1: Download dataset from Kaggle\n",
    "\n",
    "URL: https://www.kaggle.com/datasets/zynicide/wine-reviews"
   ],
   "id": "f3f333a9f10d93ad"
  },
  {
   "metadata": {
    "ExecuteTime": {
     "end_time": "2024-08-05T03:18:46.246398Z",
     "start_time": "2024-08-05T03:18:41.739210Z"
    }
   },
   "cell_type": "code",
   "source": [
    "%pip install gensim\n",
    "%pip install transformers\n",
    "%pip install seaborn"
   ],
   "id": "32065b67288a7a19",
   "outputs": [
    {
     "name": "stdout",
     "output_type": "stream",
     "text": [
      "Defaulting to user installation because normal site-packages is not writeable\r\n",
      "Requirement already satisfied: gensim in /Users/nicolasbaquero/Library/Python/3.9/lib/python/site-packages (4.3.3)\r\n",
      "Requirement already satisfied: numpy<2.0,>=1.18.5 in /Library/Python/3.9/site-packages (from gensim) (1.26.4)\r\n",
      "Requirement already satisfied: scipy<1.14.0,>=1.7.0 in /Users/nicolasbaquero/Library/Python/3.9/lib/python/site-packages (from gensim) (1.11.1)\r\n",
      "Requirement already satisfied: smart-open>=1.8.1 in /Users/nicolasbaquero/Library/Python/3.9/lib/python/site-packages (from gensim) (6.3.0)\r\n",
      "\u001B[33mWARNING: You are using pip version 21.2.4; however, version 24.2 is available.\r\n",
      "You should consider upgrading via the '/Applications/Xcode.app/Contents/Developer/usr/bin/python3 -m pip install --upgrade pip' command.\u001B[0m\r\n",
      "Note: you may need to restart the kernel to use updated packages.\n",
      "Defaulting to user installation because normal site-packages is not writeable\r\n",
      "Requirement already satisfied: transformers in /Users/nicolasbaquero/Library/Python/3.9/lib/python/site-packages (4.43.3)\r\n",
      "Requirement already satisfied: numpy>=1.17 in /Library/Python/3.9/site-packages (from transformers) (1.26.4)\r\n",
      "Requirement already satisfied: packaging>=20.0 in /Users/nicolasbaquero/Library/Python/3.9/lib/python/site-packages (from transformers) (23.1)\r\n",
      "Requirement already satisfied: tokenizers<0.20,>=0.19 in /Users/nicolasbaquero/Library/Python/3.9/lib/python/site-packages (from transformers) (0.19.1)\r\n",
      "Requirement already satisfied: safetensors>=0.4.1 in /Users/nicolasbaquero/Library/Python/3.9/lib/python/site-packages (from transformers) (0.4.3)\r\n",
      "Requirement already satisfied: requests in /Users/nicolasbaquero/Library/Python/3.9/lib/python/site-packages (from transformers) (2.31.0)\r\n",
      "Requirement already satisfied: filelock in /Users/nicolasbaquero/Library/Python/3.9/lib/python/site-packages (from transformers) (3.15.4)\r\n",
      "Requirement already satisfied: huggingface-hub<1.0,>=0.23.2 in /Users/nicolasbaquero/Library/Python/3.9/lib/python/site-packages (from transformers) (0.24.5)\r\n",
      "Requirement already satisfied: tqdm>=4.27 in /Users/nicolasbaquero/Library/Python/3.9/lib/python/site-packages (from transformers) (4.65.0)\r\n",
      "Requirement already satisfied: regex!=2019.12.17 in /Users/nicolasbaquero/Library/Python/3.9/lib/python/site-packages (from transformers) (2024.5.15)\r\n",
      "Requirement already satisfied: pyyaml>=5.1 in /Library/Python/3.9/site-packages (from transformers) (6.0.1)\r\n",
      "Requirement already satisfied: typing-extensions>=3.7.4.3 in /Library/Python/3.9/site-packages (from huggingface-hub<1.0,>=0.23.2->transformers) (4.12.2)\r\n",
      "Requirement already satisfied: fsspec>=2023.5.0 in /Users/nicolasbaquero/Library/Python/3.9/lib/python/site-packages (from huggingface-hub<1.0,>=0.23.2->transformers) (2024.6.1)\r\n",
      "Requirement already satisfied: certifi>=2017.4.17 in /Library/Python/3.9/site-packages (from requests->transformers) (2024.6.2)\r\n",
      "Requirement already satisfied: urllib3<3,>=1.21.1 in /Users/nicolasbaquero/Library/Python/3.9/lib/python/site-packages (from requests->transformers) (1.26.16)\r\n",
      "Requirement already satisfied: idna<4,>=2.5 in /Library/Python/3.9/site-packages (from requests->transformers) (3.7)\r\n",
      "Requirement already satisfied: charset-normalizer<4,>=2 in /Users/nicolasbaquero/Library/Python/3.9/lib/python/site-packages (from requests->transformers) (3.2.0)\r\n",
      "\u001B[33mWARNING: You are using pip version 21.2.4; however, version 24.2 is available.\r\n",
      "You should consider upgrading via the '/Applications/Xcode.app/Contents/Developer/usr/bin/python3 -m pip install --upgrade pip' command.\u001B[0m\r\n",
      "Note: you may need to restart the kernel to use updated packages.\n",
      "Defaulting to user installation because normal site-packages is not writeable\r\n",
      "Requirement already satisfied: seaborn in /Users/nicolasbaquero/Library/Python/3.9/lib/python/site-packages (0.13.2)\r\n",
      "Requirement already satisfied: pandas>=1.2 in /Users/nicolasbaquero/Library/Python/3.9/lib/python/site-packages (from seaborn) (2.2.2)\r\n",
      "Requirement already satisfied: numpy!=1.24.0,>=1.20 in /Library/Python/3.9/site-packages (from seaborn) (1.26.4)\r\n",
      "Requirement already satisfied: matplotlib!=3.6.1,>=3.4 in /Users/nicolasbaquero/Library/Python/3.9/lib/python/site-packages (from seaborn) (3.9.1)\r\n",
      "Requirement already satisfied: contourpy>=1.0.1 in /Users/nicolasbaquero/Library/Python/3.9/lib/python/site-packages (from matplotlib!=3.6.1,>=3.4->seaborn) (1.2.1)\r\n",
      "Requirement already satisfied: python-dateutil>=2.7 in /Users/nicolasbaquero/Library/Python/3.9/lib/python/site-packages (from matplotlib!=3.6.1,>=3.4->seaborn) (2.8.2)\r\n",
      "Requirement already satisfied: pyparsing>=2.3.1 in /Users/nicolasbaquero/Library/Python/3.9/lib/python/site-packages (from matplotlib!=3.6.1,>=3.4->seaborn) (3.1.2)\r\n",
      "Requirement already satisfied: pillow>=8 in /Users/nicolasbaquero/Library/Python/3.9/lib/python/site-packages (from matplotlib!=3.6.1,>=3.4->seaborn) (10.0.0)\r\n",
      "Requirement already satisfied: kiwisolver>=1.3.1 in /Users/nicolasbaquero/Library/Python/3.9/lib/python/site-packages (from matplotlib!=3.6.1,>=3.4->seaborn) (1.4.5)\r\n",
      "Requirement already satisfied: fonttools>=4.22.0 in /Users/nicolasbaquero/Library/Python/3.9/lib/python/site-packages (from matplotlib!=3.6.1,>=3.4->seaborn) (4.53.1)\r\n",
      "Requirement already satisfied: packaging>=20.0 in /Users/nicolasbaquero/Library/Python/3.9/lib/python/site-packages (from matplotlib!=3.6.1,>=3.4->seaborn) (23.1)\r\n",
      "Requirement already satisfied: cycler>=0.10 in /Users/nicolasbaquero/Library/Python/3.9/lib/python/site-packages (from matplotlib!=3.6.1,>=3.4->seaborn) (0.12.1)\r\n",
      "Requirement already satisfied: importlib-resources>=3.2.0 in /Users/nicolasbaquero/Library/Python/3.9/lib/python/site-packages (from matplotlib!=3.6.1,>=3.4->seaborn) (6.4.0)\r\n",
      "Requirement already satisfied: zipp>=3.1.0 in /Users/nicolasbaquero/Library/Python/3.9/lib/python/site-packages (from importlib-resources>=3.2.0->matplotlib!=3.6.1,>=3.4->seaborn) (3.15.0)\r\n",
      "Requirement already satisfied: tzdata>=2022.7 in /Users/nicolasbaquero/Library/Python/3.9/lib/python/site-packages (from pandas>=1.2->seaborn) (2023.3)\r\n",
      "Requirement already satisfied: pytz>=2020.1 in /Users/nicolasbaquero/Library/Python/3.9/lib/python/site-packages (from pandas>=1.2->seaborn) (2023.3)\r\n",
      "Requirement already satisfied: six>=1.5 in /Applications/Xcode.app/Contents/Developer/Library/Frameworks/Python3.framework/Versions/3.9/lib/python3.9/site-packages (from python-dateutil>=2.7->matplotlib!=3.6.1,>=3.4->seaborn) (1.15.0)\r\n",
      "\u001B[33mWARNING: You are using pip version 21.2.4; however, version 24.2 is available.\r\n",
      "You should consider upgrading via the '/Applications/Xcode.app/Contents/Developer/usr/bin/python3 -m pip install --upgrade pip' command.\u001B[0m\r\n",
      "Note: you may need to restart the kernel to use updated packages.\n"
     ]
    }
   ],
   "execution_count": 22
  },
  {
   "metadata": {
    "ExecuteTime": {
     "end_time": "2024-08-05T03:18:47.103581Z",
     "start_time": "2024-08-05T03:18:46.248389Z"
    }
   },
   "cell_type": "code",
   "source": [
    "import pandas as pd\n",
    "\n",
    "wine_df = pd.read_csv('winemag-data_first150k.csv')\n",
    "print(wine_df.head())\n",
    "corpus = wine_df['description']"
   ],
   "id": "5bab6504ab1e044a",
   "outputs": [
    {
     "name": "stdout",
     "output_type": "stream",
     "text": [
      "   Unnamed: 0 country                                        description  \\\n",
      "0           0      US  This tremendous 100% varietal wine hails from ...   \n",
      "1           1   Spain  Ripe aromas of fig, blackberry and cassis are ...   \n",
      "2           2      US  Mac Watson honors the memory of a wine once ma...   \n",
      "3           3      US  This spent 20 months in 30% new French oak, an...   \n",
      "4           4  France  This is the top wine from La Bégude, named aft...   \n",
      "\n",
      "                            designation  points  price        province  \\\n",
      "0                     Martha's Vineyard      96  235.0      California   \n",
      "1  Carodorum Selección Especial Reserva      96  110.0  Northern Spain   \n",
      "2         Special Selected Late Harvest      96   90.0      California   \n",
      "3                               Reserve      96   65.0          Oregon   \n",
      "4                            La Brûlade      95   66.0        Provence   \n",
      "\n",
      "            region_1           region_2             variety  \\\n",
      "0        Napa Valley               Napa  Cabernet Sauvignon   \n",
      "1               Toro                NaN       Tinta de Toro   \n",
      "2     Knights Valley             Sonoma     Sauvignon Blanc   \n",
      "3  Willamette Valley  Willamette Valley          Pinot Noir   \n",
      "4             Bandol                NaN  Provence red blend   \n",
      "\n",
      "                    winery  \n",
      "0                    Heitz  \n",
      "1  Bodega Carmen Rodríguez  \n",
      "2                 Macauley  \n",
      "3                    Ponzi  \n",
      "4     Domaine de la Bégude  \n"
     ]
    }
   ],
   "execution_count": 23
  },
  {
   "metadata": {},
   "cell_type": "markdown",
   "source": [
    "Step 2: Load a Pre-trained Transformer Model\n",
    "\n",
    "Use the BERT model for generating contextual embeddings and Word2Vec for static embeddings."
   ],
   "id": "9fef79a9c697bc01"
  },
  {
   "metadata": {
    "ExecuteTime": {
     "end_time": "2024-08-05T03:19:22.393099Z",
     "start_time": "2024-08-05T03:18:47.104560Z"
    }
   },
   "cell_type": "code",
   "source": [
    "import tensorflow as tf\n",
    "import gensim.downloader as api\n",
    "from transformers import BertTokenizer, TFBertModel\n",
    "\n",
    "# Load pre-trained Word2Vec model\n",
    "word2vec_model = api.load('word2vec-google-news-300')\n",
    "\n",
    "# Load pre-trained BERT model and tokenizer\n",
    "tokenizer = BertTokenizer.from_pretrained('bert-base-uncased')\n",
    "model = TFBertModel.from_pretrained('bert-base-uncased')"
   ],
   "id": "68840411ddabd35a",
   "outputs": [
    {
     "name": "stderr",
     "output_type": "stream",
     "text": [
      "Some weights of the PyTorch model were not used when initializing the TF 2.0 model TFBertModel: ['cls.seq_relationship.bias', 'cls.predictions.bias', 'cls.seq_relationship.weight', 'cls.predictions.transform.LayerNorm.weight', 'cls.predictions.transform.dense.bias', 'cls.predictions.transform.LayerNorm.bias', 'cls.predictions.transform.dense.weight']\n",
      "- This IS expected if you are initializing TFBertModel from a PyTorch model trained on another task or with another architecture (e.g. initializing a TFBertForSequenceClassification model from a BertForPreTraining model).\n",
      "- This IS NOT expected if you are initializing TFBertModel from a PyTorch model that you expect to be exactly identical (e.g. initializing a TFBertForSequenceClassification model from a BertForSequenceClassification model).\n",
      "All the weights of TFBertModel were initialized from the PyTorch model.\n",
      "If your task is similar to the task the model of the checkpoint was trained on, you can already use TFBertModel for predictions without further training.\n"
     ]
    }
   ],
   "execution_count": 24
  },
  {
   "metadata": {},
   "cell_type": "markdown",
   "source": [
    "Step 3: Generate Text Embeddings\n",
    "\n",
    "Static Embeddings with Word2Vec"
   ],
   "id": "d92ce2c32618191"
  },
  {
   "metadata": {
    "ExecuteTime": {
     "end_time": "2024-08-05T03:19:30.005466Z",
     "start_time": "2024-08-05T03:19:22.396765Z"
    }
   },
   "cell_type": "code",
   "source": [
    "import numpy as np\n",
    "\n",
    "\n",
    "def generate_word2vec_embeddings(texts):\n",
    "    embeddings = []\n",
    "    for text in texts:\n",
    "        tokens = text.lower().split()\n",
    "        word_vectors = [word2vec_model[word] for word in tokens if word in word2vec_model]\n",
    "        if word_vectors:\n",
    "            embeddings.append(np.mean(word_vectors, axis=0))\n",
    "        else:\n",
    "            embeddings.append(np.zeros(word2vec_model.vector_size))\n",
    "    return np.array(embeddings)\n",
    "\n",
    "\n",
    "word2vec_embeddings = generate_word2vec_embeddings(corpus)\n",
    "print(\"Word2Vec Embeddings:\", word2vec_embeddings)\n",
    "print(\"Word2Vec Shape:\", word2vec_embeddings.shape)"
   ],
   "id": "53983765626d5a85",
   "outputs": [
    {
     "name": "stdout",
     "output_type": "stream",
     "text": [
      "Word2Vec Embeddings: [[ 0.01978664  0.03414721 -0.00884628 ... -0.01573336  0.06626587\n",
      "  -0.02784729]\n",
      " [ 0.0016861  -0.00124741 -0.00065494 ... -0.04453754  0.06408358\n",
      "   0.03221512]\n",
      " [-0.01758194  0.06408924  0.02408564 ... -0.04092503  0.09110224\n",
      "   0.01769352]\n",
      " ...\n",
      " [ 0.02409261  0.03888226  0.06215142 ... -0.00537516  0.06789415\n",
      "  -0.0012207 ]\n",
      " [ 0.01009696  0.04878807 -0.0010405  ... -0.04659453  0.10975574\n",
      "  -0.01264881]\n",
      " [-0.0126537   0.03070068  0.0444759  ... -0.00960471  0.01097419\n",
      "   0.06093528]]\n",
      "Word2Vec Shape: (150930, 300)\n"
     ]
    }
   ],
   "execution_count": 25
  },
  {
   "metadata": {},
   "cell_type": "markdown",
   "source": "Contextual Embeddings with BERT",
   "id": "7e2eee6a2cae63f9"
  },
  {
   "metadata": {
    "ExecuteTime": {
     "end_time": "2024-08-05T03:19:31.488858Z",
     "start_time": "2024-08-05T03:19:30.006845Z"
    }
   },
   "cell_type": "code",
   "source": [
    "def generate_bert_embeddings(texts):\n",
    "    embeddings = []\n",
    "    for text in texts:\n",
    "        inputs = tokenizer(text, return_tensors='tf', padding=True, truncation=True)\n",
    "        outputs = model(**inputs)\n",
    "        embeddings.append(outputs.last_hidden_state[:, 0, :])  # Use [CLS] token representation\n",
    "    return np.array(embeddings).transpose(0, 2, 1)\n",
    "\n",
    "\n",
    "bert_embeddings = generate_bert_embeddings(corpus[:10])\n",
    "print(\"BERT Embeddings:\", bert_embeddings)\n",
    "print(\"Word2Vec Shape:\", bert_embeddings.shape)"
   ],
   "id": "deddc992f933fcb",
   "outputs": [
    {
     "name": "stdout",
     "output_type": "stream",
     "text": [
      "BERT Embeddings: [[[ 0.11967489]\n",
      "  [-0.48856735]\n",
      "  [ 0.3645301 ]\n",
      "  ...\n",
      "  [-0.43680516]\n",
      "  [ 0.1197608 ]\n",
      "  [ 0.18947844]]\n",
      "\n",
      " [[-0.05186677]\n",
      "  [-0.36506552]\n",
      "  [ 0.64745986]\n",
      "  ...\n",
      "  [-0.31474513]\n",
      "  [ 0.05560053]\n",
      "  [ 0.5154335 ]]\n",
      "\n",
      " [[-0.7317317 ]\n",
      "  [ 0.3508853 ]\n",
      "  [-0.01913854]\n",
      "  ...\n",
      "  [-0.03388382]\n",
      "  [ 0.22656593]\n",
      "  [ 0.30798098]]\n",
      "\n",
      " ...\n",
      "\n",
      " [[-0.35893524]\n",
      "  [-0.5862951 ]\n",
      "  [ 0.41342103]\n",
      "  ...\n",
      "  [-0.16299404]\n",
      "  [ 0.33213353]\n",
      "  [ 0.49520764]]\n",
      "\n",
      " [[-0.06120773]\n",
      "  [-0.3186196 ]\n",
      "  [ 0.66368014]\n",
      "  ...\n",
      "  [-0.26011413]\n",
      "  [ 0.22982565]\n",
      "  [ 0.49291262]]\n",
      "\n",
      " [[-0.7911081 ]\n",
      "  [-0.3179433 ]\n",
      "  [ 0.24998935]\n",
      "  ...\n",
      "  [-0.42931485]\n",
      "  [ 0.30838823]\n",
      "  [-0.06678645]]]\n",
      "Word2Vec Shape: (10, 768, 1)\n"
     ]
    }
   ],
   "execution_count": 26
  },
  {
   "metadata": {},
   "cell_type": "markdown",
   "source": [
    "Step 4: Compute Similarity Between Embeddings\n",
    "\n",
    "Use the scikit-learn library."
   ],
   "id": "755f905d2f5fe852"
  },
  {
   "metadata": {
    "ExecuteTime": {
     "end_time": "2024-08-05T03:19:31.511295Z",
     "start_time": "2024-08-05T03:19:31.490198Z"
    }
   },
   "cell_type": "code",
   "source": [
    "from sklearn.metrics.pairwise import cosine_similarity\n",
    "\n",
    "# Cosine similarity between Word2Vec embeddings\n",
    "word2vec_similarity = cosine_similarity(word2vec_embeddings[:10])\n",
    "print(\"Word2Vec Cosine Similarity:\\n\", word2vec_similarity)\n",
    "\n",
    "# Cosine similarity between BERT embeddings\n",
    "bert_similarity = cosine_similarity(bert_embeddings.reshape(10, 768))\n",
    "print(\"BERT Cosine Similarity:\\n\", bert_similarity)"
   ],
   "id": "f1c1a78ceff1d324",
   "outputs": [
    {
     "name": "stdout",
     "output_type": "stream",
     "text": [
      "Word2Vec Cosine Similarity:\n",
      " [[1.         0.8253629  0.80511198 0.84191353 0.83916097 0.83854598\n",
      "  0.82169205 0.82485221 0.84638968 0.81403267]\n",
      " [0.8253629  1.         0.79154417 0.87045668 0.70443007 0.89196218\n",
      "  0.85559996 0.90900554 0.82102562 0.81991442]\n",
      " [0.80511198 0.79154417 1.         0.78133118 0.76637057 0.81088425\n",
      "  0.76002815 0.78692912 0.78062805 0.82849419]\n",
      " [0.84191353 0.87045668 0.78133118 1.         0.73889366 0.87697816\n",
      "  0.86926656 0.86583898 0.82994799 0.81447784]\n",
      " [0.83916097 0.70443007 0.76637057 0.73889366 1.         0.74084036\n",
      "  0.72642772 0.75438003 0.84104805 0.73225092]\n",
      " [0.83854598 0.89196218 0.81088425 0.87697816 0.74084036 1.\n",
      "  0.86410356 0.90941287 0.8474781  0.82548948]\n",
      " [0.82169205 0.85559996 0.76002815 0.86926656 0.72642772 0.86410356\n",
      "  1.         0.87098882 0.81831654 0.78823973]\n",
      " [0.82485221 0.90900554 0.78692912 0.86583898 0.75438003 0.90941287\n",
      "  0.87098882 1.         0.86063902 0.83889079]\n",
      " [0.84638968 0.82102562 0.78062805 0.82994799 0.84104805 0.8474781\n",
      "  0.81831654 0.86063902 1.         0.77946297]\n",
      " [0.81403267 0.81991442 0.82849419 0.81447784 0.73225092 0.82548948\n",
      "  0.78823973 0.83889079 0.77946297 1.        ]]\n",
      "BERT Cosine Similarity:\n",
      " [[1.0000002  0.9255337  0.8595507  0.9213538  0.85612154 0.903093\n",
      "  0.90911853 0.890877   0.9343499  0.81677645]\n",
      " [0.9255337  1.         0.83921087 0.937469   0.8756646  0.91435295\n",
      "  0.95260775 0.9220624  0.9409267  0.8160479 ]\n",
      " [0.8595507  0.83921087 1.         0.8391671  0.8106278  0.8570454\n",
      "  0.83484286 0.8276118  0.8404734  0.8615357 ]\n",
      " [0.9213538  0.937469   0.8391671  1.         0.8752901  0.90353346\n",
      "  0.93471694 0.923877   0.93039274 0.8265418 ]\n",
      " [0.85612154 0.8756646  0.8106278  0.8752901  0.9999999  0.8648294\n",
      "  0.852599   0.8520307  0.9058835  0.85212517]\n",
      " [0.903093   0.91435295 0.8570454  0.90353346 0.8648294  1.0000002\n",
      "  0.9050902  0.92824364 0.90196204 0.86238325]\n",
      " [0.90911853 0.95260775 0.83484286 0.93471694 0.852599   0.9050902\n",
      "  1.         0.936654   0.9360713  0.8291073 ]\n",
      " [0.890877   0.9220624  0.8276118  0.923877   0.8520307  0.92824364\n",
      "  0.936654   1.0000001  0.91360027 0.86717606]\n",
      " [0.9343499  0.9409267  0.8404734  0.93039274 0.9058835  0.90196204\n",
      "  0.9360713  0.91360027 1.0000002  0.846282  ]\n",
      " [0.81677645 0.8160479  0.8615357  0.8265418  0.85212517 0.86238325\n",
      "  0.8291073  0.86717606 0.846282   0.99999976]]\n"
     ]
    }
   ],
   "execution_count": 27
  },
  {
   "metadata": {},
   "cell_type": "markdown",
   "source": [
    "Step 5: Compare Contextual and Static Embeddings\n",
    "\n",
    "Analyze and compare the similarity results from both BERT and Word2Vec embeddings."
   ],
   "id": "1b46c4c975cb5c7b"
  },
  {
   "metadata": {
    "ExecuteTime": {
     "end_time": "2024-08-05T03:19:32.258648Z",
     "start_time": "2024-08-05T03:19:31.512633Z"
    }
   },
   "cell_type": "code",
   "source": [
    "import matplotlib.pyplot as plt\n",
    "import seaborn as sns\n",
    "\n",
    "\n",
    "def plot_similarity_matrix(matrix, title, figsize=(8, 6), annotation=True):\n",
    "    plt.figure(figsize=figsize)\n",
    "    sns.heatmap(matrix, annot=annotation, cmap='coolwarm', fmt='.2f')\n",
    "    plt.title(title)\n",
    "    plt.show()\n",
    "\n",
    "\n",
    "plot_similarity_matrix(word2vec_similarity, \"Word2Vec Cosine Similarity\")\n",
    "plot_similarity_matrix(bert_similarity, \"BERT Cosine Similarity\")"
   ],
   "id": "7416e3d9334cd21e",
   "outputs": [
    {
     "data": {
      "text/plain": [
       "<Figure size 800x600 with 2 Axes>"
      ],
